   50																																																		
CWxx038     	0.00000	0.01572	0.03807	0.07927	0.16446	0.08043	0.01707	0.16131	0.01582	0.01505	0.18366	0.03682	0.01590	0.16911	0.01486	0.01563	0.01557	0.01529	0.19821	0.16497	0.01454	0.01527	0.16890	0.03529	0.15702	0.01656	0.15424	0.08040	0.17150	0.01581	0.03755	0.15571	0.04598	0.16417	0.20718	0.03819	0.03626	0.01582	0.16580	0.16907	0.01546	0.16752	0.03842	0.16654	0.03541	0.01511	0.03582	0.16289	0.18389	0.03752
CWxx036     	0.01572	0.00000	0.03794	0.07958	0.16480	0.08061	0.01740	0.16178	0.01461	0.01560	0.18400	0.03669	0.01489	0.16967	0.01437	0.01399	0.01530	0.01475	0.19927	0.16574	0.01439	0.01724	0.16924	0.03533	0.15791	0.01554	0.15463	0.08010	0.17208	0.01433	0.03674	0.15620	0.04733	0.16391	0.20660	0.03792	0.03544	0.01454	0.16646	0.16924	0.01438	0.16819	0.03733	0.16694	0.03553	0.01496	0.03452	0.16290	0.18466	0.03790
CWxx005     	0.03807	0.03794	0.00000	0.08001	0.16415	0.08213	0.03886	0.16024	0.03821	0.03807	0.18435	0.03098	0.03710	0.16912	0.03720	0.03667	0.03669	0.03710	0.19895	0.16444	0.03554	0.03733	0.16960	0.01778	0.15671	0.03697	0.15527	0.08142	0.17185	0.03786	0.02053	0.15673	0.05474	0.16371	0.20716	0.01897	0.01726	0.03758	0.16597	0.16983	0.03704	0.16733	0.02038	0.16662	0.02017	0.03710	0.01632	0.16262	0.18598	0.01964
CDxx001     	0.07927	0.07958	0.08001	0.00000	0.16642	0.02670	0.08011	0.16424	0.07862	0.07945	0.18501	0.08057	0.07870	0.17040	0.07812	0.07734	0.07968	0.07811	0.20083	0.16716	0.07799	0.07901	0.17197	0.07891	0.16115	0.07831	0.15710	0.04358	0.17436	0.07876	0.08003	0.15890	0.08330	0.16621	0.20674	0.07939	0.07903	0.07890	0.16896	0.17024	0.07812	0.16835	0.08056	0.16965	0.07892	0.07877	0.07890	0.16595	0.18622	0.08088
PCOxx006    	0.16446	0.16480	0.16415	0.16642	0.00000	0.16519	0.16542	0.08962	0.16306	0.16451	0.16455	0.16513	0.16302	0.11197	0.16303	0.16296	0.16461	0.16335	0.17275	0.05233	0.16354	0.16378	0.05503	0.16329	0.08742	0.16466	0.08366	0.16911	0.06159	0.16356	0.16412	0.08511	0.16749	0.09162	0.18848	0.16498	0.16367	0.16367	0.05486	0.05325	0.16358	0.11054	0.16475	0.05445	0.16297	0.16319	0.16345	0.08977	0.16514	0.16623
CDxx002     	0.08043	0.08061	0.08213	0.02670	0.16519	0.00000	0.08102	0.16588	0.07954	0.07980	0.18523	0.08164	0.07945	0.16911	0.07899	0.07820	0.08046	0.07867	0.19957	0.16650	0.07948	0.07969	0.17096	0.08127	0.16152	0.07967	0.15796	0.04370	0.17391	0.07964	0.08182	0.15916	0.08388	0.16627	0.20600	0.08125	0.08112	0.07982	0.16778	0.17008	0.07865	0.16804	0.08273	0.16833	0.08076	0.07996	0.07983	0.16609	0.18687	0.08161
CWxx037     	0.01707	0.01740	0.03886	0.08011	0.16542	0.08102	0.00000	0.16248	0.01722	0.01761	0.18490	0.03865	0.01668	0.17042	0.01629	0.01760	0.01807	0.01631	0.19862	0.16600	0.01857	0.01918	0.16990	0.03666	0.15889	0.01744	0.15560	0.08097	0.17287	0.01734	0.03773	0.15722	0.04833	0.16484	0.20845	0.03871	0.03635	0.01693	0.16716	0.17074	0.01719	0.16872	0.03860	0.16760	0.03634	0.01638	0.03610	0.16376	0.18521	0.03854
CSTxx003    	0.16131	0.16178	0.16024	0.16424	0.08962	0.16588	0.16248	0.00000	0.16059	0.16160	0.16334	0.16221	0.15992	0.10974	0.15997	0.15969	0.16128	0.15992	0.17036	0.08872	0.15999	0.16050	0.09267	0.16110	0.03338	0.16157	0.04323	0.16690	0.09230	0.16098	0.16146	0.04610	0.16438	0.03453	0.18773	0.16108	0.16114	0.16107	0.09101	0.09308	0.16059	0.10872	0.16186	0.09088	0.15947	0.16066	0.16190	0.02251	0.16389	0.16343
CWxx032     	0.01582	0.01461	0.03821	0.07862	0.16306	0.07954	0.01722	0.16059	0.00000	0.01581	0.18311	0.03654	0.01490	0.16836	0.01493	0.01350	0.01478	0.01492	0.19753	0.16413	0.01422	0.01614	0.16838	0.03482	0.15646	0.01404	0.15423	0.07972	0.17075	0.00118	0.03693	0.15535	0.04701	0.16389	0.20640	0.03789	0.03528	0.00145	0.16509	0.16843	0.01504	0.16681	0.03793	0.16581	0.03599	0.01573	0.03639	0.16185	0.18325	0.03791
CWxx047     	0.01505	0.01560	0.03807	0.07945	0.16451	0.07980	0.01761	0.16160	0.01581	0.00000	0.18383	0.03766	0.01543	0.16930	0.01572	0.01481	0.01599	0.01550	0.19844	0.16506	0.01531	0.01678	0.16863	0.03584	0.15774	0.01638	0.15494	0.07989	0.17183	0.01567	0.03748	0.15604	0.04671	0.16427	0.20672	0.03844	0.03570	0.01556	0.16599	0.16913	0.01445	0.16745	0.03824	0.16648	0.03583	0.01648	0.03512	0.16289	0.18465	0.03672
WHxx001     	0.18366	0.18400	0.18435	0.18501	0.16455	0.18523	0.18490	0.16334	0.18311	0.18383	0.00000	0.18509	0.18296	0.16970	0.18210	0.18194	0.18353	0.18232	0.17115	0.16553	0.18257	0.18265	0.16857	0.18363	0.16259	0.18391	0.15564	0.18605	0.17274	0.18342	0.18407	0.15848	0.18720	0.16541	0.11512	0.18198	0.18340	0.18335	0.16633	0.16830	0.18275	0.16866	0.18465	0.16853	0.18170	0.18311	0.18373	0.16406	0.02001	0.18796
CWxx044     	0.03682	0.03669	0.03098	0.08057	0.16513	0.08164	0.03865	0.16221	0.03654	0.03766	0.18509	0.00000	0.03675	0.17007	0.03710	0.03624	0.03576	0.03601	0.19912	0.16634	0.03508	0.03657	0.17065	0.02937	0.15855	0.03586	0.15628	0.08149	0.17361	0.03635	0.03088	0.15733	0.05523	0.16552	0.20782	0.03105	0.02954	0.03648	0.16802	0.17034	0.03598	0.16855	0.03178	0.16819	0.02939	0.03722	0.03041	0.16438	0.18512	0.03168
CWxx048     	0.01590	0.01489	0.03710	0.07870	0.16302	0.07945	0.01668	0.15992	0.01490	0.01543	0.18296	0.03675	0.00000	0.16788	0.01088	0.01566	0.01583	0.01509	0.19726	0.16388	0.01484	0.01664	0.16779	0.03455	0.15597	0.01570	0.15330	0.07921	0.17061	0.01502	0.03614	0.15449	0.04633	0.16267	0.20557	0.03788	0.03485	0.01487	0.16523	0.16763	0.01414	0.16622	0.03697	0.16527	0.03446	0.01557	0.03444	0.16156	0.18314	0.03628
CMAxx002    	0.16911	0.16967	0.16912	0.17040	0.11197	0.16911	0.17042	0.10974	0.16836	0.16930	0.16970	0.17007	0.16788	0.00000	0.16808	0.16701	0.16859	0.16858	0.17788	0.11332	0.16764	0.16777	0.11669	0.16894	0.10758	0.16906	0.10387	0.17291	0.11924	0.16827	0.17006	0.10513	0.17222	0.11168	0.19279	0.17054	0.16928	0.16853	0.11446	0.11593	0.16785	0.01372	0.17036	0.11447	0.16805	0.16802	0.16950	0.11017	0.17108	0.17192
CWxx046     	0.01486	0.01437	0.03720	0.07812	0.16303	0.07899	0.01629	0.15997	0.01493	0.01572	0.18210	0.03710	0.01088	0.16808	0.00000	0.01515	0.01522	0.01448	0.19698	0.16345	0.01441	0.01606	0.16732	0.03473	0.15571	0.01542	0.15266	0.07856	0.17026	0.01473	0.03653	0.15410	0.04651	0.16228	0.20557	0.03748	0.03536	0.01444	0.16465	0.16737	0.01423	0.16673	0.03717	0.16482	0.03444	0.01584	0.03443	0.16143	0.18255	0.03646
CWxx033     	0.01563	0.01399	0.03667	0.07734	0.16296	0.07820	0.01760	0.15969	0.01350	0.01481	0.18194	0.03624	0.01566	0.16701	0.01515	0.00000	0.01425	0.01517	0.19676	0.16354	0.01292	0.01611	0.16779	0.03437	0.15557	0.01373	0.15300	0.07841	0.17058	0.01299	0.03602	0.15435	0.04493	0.16261	0.20511	0.03690	0.03461	0.01285	0.16474	0.16748	0.01426	0.16596	0.03680	0.16512	0.03576	0.01622	0.03505	0.16103	0.18233	0.03738
CWxx031     	0.01557	0.01530	0.03669	0.07968	0.16461	0.08046	0.01807	0.16128	0.01478	0.01599	0.18353	0.03576	0.01583	0.16859	0.01522	0.01425	0.00000	0.01442	0.19793	0.16518	0.01258	0.01486	0.16889	0.03393	0.15722	0.01418	0.15456	0.08019	0.17211	0.01442	0.03596	0.15608	0.04623	0.16398	0.20732	0.03667	0.03514	0.01435	0.16606	0.16934	0.01540	0.16750	0.03691	0.16637	0.03511	0.01554	0.03517	0.16239	0.18384	0.03706
CWxx040     	0.01529	0.01475	0.03710	0.07811	0.16335	0.07867	0.01631	0.15992	0.01492	0.01550	0.18232	0.03601	0.01509	0.16858	0.01448	0.01517	0.01442	0.00000	0.19601	0.16411	0.01484	0.01628	0.16779	0.03468	0.15582	0.01555	0.15382	0.07881	0.17052	0.01459	0.03644	0.15468	0.04641	0.16267	0.20533	0.03785	0.03459	0.01451	0.16483	0.16707	0.01422	0.16654	0.03726	0.16557	0.03494	0.01503	0.03450	0.16182	0.18299	0.03655
SSxx001     	0.19821	0.19927	0.19895	0.20083	0.17275	0.19957	0.19862	0.17036	0.19753	0.19844	0.17115	0.19912	0.19726	0.17788	0.19698	0.19676	0.19793	0.19601	0.00000	0.17301	0.19766	0.19747	0.17650	0.19765	0.16828	0.19857	0.16448	0.20381	0.17939	0.19759	0.19864	0.16635	0.20189	0.17369	0.19554	0.19905	0.19765	0.19757	0.17289	0.17663	0.19673	0.17497	0.19842	0.17481	0.19672	0.19714	0.19834	0.17177	0.17082	0.19859
PCOxx001    	0.16497	0.16574	0.16444	0.16716	0.05233	0.16650	0.16600	0.08872	0.16413	0.16506	0.16553	0.16634	0.16388	0.11332	0.16345	0.16354	0.16518	0.16411	0.17301	0.00000	0.16442	0.16418	0.02578	0.16472	0.08903	0.16559	0.08313	0.16954	0.03713	0.16465	0.16564	0.08471	0.16806	0.09182	0.18824	0.16487	0.16484	0.16481	0.02725	0.04605	0.16401	0.11129	0.16604	0.01976	0.16352	0.16414	0.16434	0.09006	0.16613	0.16668
CWxx043     	0.01454	0.01439	0.03554	0.07799	0.16354	0.07948	0.01857	0.15999	0.01422	0.01531	0.18257	0.03508	0.01484	0.16764	0.01441	0.01292	0.01258	0.01484	0.19766	0.16442	0.00000	0.01477	0.16843	0.03311	0.15635	0.01400	0.15387	0.07873	0.17154	0.01385	0.03533	0.15484	0.04574	0.16318	0.20581	0.03562	0.03392	0.01366	0.16547	0.16832	0.01380	0.16688	0.03620	0.16570	0.03441	0.01499	0.03430	0.16197	0.18355	0.03569
CWxx030     	0.01527	0.01724	0.03733	0.07901	0.16378	0.07969	0.01918	0.16050	0.01614	0.01678	0.18265	0.03657	0.01664	0.16777	0.01606	0.01611	0.01486	0.01628	0.19747	0.16418	0.01477	0.00000	0.16828	0.03485	0.15611	0.01650	0.15430	0.08031	0.17159	0.01591	0.03736	0.15510	0.04519	0.16359	0.20666	0.03805	0.03590	0.01607	0.16502	0.16831	0.01629	0.16686	0.03815	0.16604	0.03579	0.01704	0.03584	0.16154	0.18304	0.03786
PCOxx004    	0.16890	0.16924	0.16960	0.17197	0.05503	0.17096	0.16990	0.09267	0.16838	0.16863	0.16857	0.17065	0.16779	0.11669	0.16732	0.16779	0.16889	0.16779	0.17650	0.02578	0.16843	0.16828	0.00000	0.16895	0.09277	0.16941	0.08699	0.17426	0.03958	0.16878	0.16983	0.08877	0.17287	0.09501	0.19294	0.16971	0.16933	0.16891	0.02732	0.04836	0.16792	0.11519	0.17045	0.02645	0.16800	0.16820	0.16872	0.09295	0.16894	0.17117
CWxx008     	0.03529	0.03533	0.01778	0.07891	0.16329	0.08127	0.03666	0.16110	0.03482	0.03584	0.18363	0.02937	0.03455	0.16894	0.03473	0.03437	0.03393	0.03468	0.19765	0.16472	0.03311	0.03485	0.16895	0.00000	0.15730	0.03508	0.15521	0.08062	0.17125	0.03485	0.01816	0.15669	0.05405	0.16417	0.20674	0.01699	0.01545	0.03481	0.16569	0.16930	0.03411	0.16754	0.01886	0.16643	0.01602	0.03517	0.01646	0.16326	0.18460	0.01730
CSTxx001    	0.15702	0.15791	0.15671	0.16115	0.08742	0.16152	0.15889	0.03338	0.15646	0.15774	0.16259	0.15855	0.15597	0.10758	0.15571	0.15557	0.15722	0.15582	0.16828	0.08903	0.15635	0.15611	0.09277	0.15730	0.00000	0.15769	0.04203	0.16441	0.09289	0.15673	0.15812	0.04308	0.16098	0.02516	0.18559	0.15723	0.15741	0.15680	0.09146	0.09347	0.15637	0.10620	0.15814	0.09145	0.15580	0.15659	0.15797	0.03245	0.16430	0.15907
CWxx034     	0.01656	0.01554	0.03697	0.07831	0.16466	0.07967	0.01744	0.16157	0.01404	0.01638	0.18391	0.03586	0.01570	0.16906	0.01542	0.01373	0.01418	0.01555	0.19857	0.16559	0.01400	0.01650	0.16941	0.03508	0.15769	0.00000	0.15520	0.07974	0.17248	0.01390	0.03660	0.15645	0.04571	0.16473	0.20765	0.03676	0.03538	0.01390	0.16639	0.16977	0.01419	0.16796	0.03731	0.16691	0.03626	0.01463	0.03526	0.16299	0.18443	0.03718
CSTst002    	0.15424	0.15463	0.15527	0.15710	0.08366	0.15796	0.15560	0.04323	0.15423	0.15494	0.15564	0.15628	0.15330	0.10387	0.15266	0.15300	0.15456	0.15382	0.16448	0.08313	0.15387	0.15430	0.08699	0.15521	0.04203	0.15520	0.00000	0.16041	0.08709	0.15450	0.15541	0.02470	0.15805	0.04324	0.17852	0.15620	0.15566	0.15461	0.08609	0.08703	0.15378	0.10207	0.15573	0.08510	0.15333	0.15370	0.15502	0.04351	0.15673	0.15667
PMAxx001    	0.08040	0.08010	0.08142	0.04358	0.16911	0.04370	0.08097	0.16690	0.07972	0.07989	0.18605	0.08149	0.07921	0.17291	0.07856	0.07841	0.08019	0.07881	0.20381	0.16954	0.07873	0.08031	0.17426	0.08062	0.16441	0.07974	0.16041	0.00000	0.17698	0.07956	0.08158	0.16168	0.08506	0.16820	0.20951	0.08075	0.08090	0.07971	0.17148	0.17428	0.07893	0.17139	0.08235	0.17181	0.08040	0.07976	0.08032	0.16863	0.18731	0.08335
PCUxx001    	0.17150	0.17208	0.17185	0.17436	0.06159	0.17391	0.17287	0.09230	0.17075	0.17183	0.17274	0.17361	0.17061	0.11924	0.17026	0.17058	0.17211	0.17052	0.17939	0.03713	0.17154	0.17159	0.03958	0.17125	0.09289	0.17248	0.08709	0.17698	0.00000	0.17139	0.17257	0.08909	0.17528	0.09475	0.19681	0.17151	0.17197	0.17163	0.03667	0.05643	0.17084	0.11780	0.17296	0.03805	0.17030	0.17124	0.17127	0.09337	0.17300	0.17312
CWxx042     	0.01581	0.01433	0.03786	0.07876	0.16356	0.07964	0.01734	0.16098	0.00118	0.01567	0.18342	0.03635	0.01502	0.16827	0.01473	0.01299	0.01442	0.01459	0.19759	0.16465	0.01385	0.01591	0.16878	0.03485	0.15673	0.01390	0.15450	0.07956	0.17139	0.00000	0.03676	0.15557	0.04681	0.16386	0.20679	0.03754	0.03519	0.00107	0.16560	0.16890	0.01484	0.16704	0.03784	0.16619	0.03602	0.01554	0.03622	0.16215	0.18362	0.03803
CWxx011     	0.03755	0.03674	0.02053	0.08003	0.16412	0.08182	0.03773	0.16146	0.03693	0.03748	0.18407	0.03088	0.03614	0.17006	0.03653	0.03602	0.03596	0.03644	0.19864	0.16564	0.03533	0.03736	0.16983	0.01816	0.15812	0.03660	0.15541	0.08158	0.17257	0.03676	0.00000	0.15699	0.05540	0.16416	0.20718	0.02021	0.01866	0.03659	0.16667	0.16959	0.03638	0.16843	0.00813	0.16748	0.01991	0.03611	0.02047	0.16326	0.18553	0.02151
CSTst001    	0.15571	0.15620	0.15673	0.15890	0.08511	0.15916	0.15722	0.04610	0.15535	0.15604	0.15848	0.15733	0.15449	0.10513	0.15410	0.15435	0.15608	0.15468	0.16635	0.08471	0.15484	0.15510	0.08877	0.15669	0.04308	0.15645	0.02470	0.16168	0.08909	0.15557	0.15699	0.00000	0.15920	0.04576	0.18070	0.15707	0.15662	0.15560	0.08791	0.08880	0.15502	0.10338	0.15715	0.08650	0.15490	0.15529	0.15645	0.04607	0.15954	0.15793
CAxx001     	0.04598	0.04733	0.05474	0.08330	0.16749	0.08388	0.04833	0.16438	0.04701	0.04671	0.18720	0.05523	0.04633	0.17222	0.04651	0.04493	0.04623	0.04641	0.20189	0.16806	0.04574	0.04519	0.17287	0.05405	0.16098	0.04571	0.15805	0.08506	0.17528	0.04681	0.05540	0.15920	0.00000	0.16771	0.21194	0.05310	0.05391	0.04702	0.17005	0.17222	0.04671	0.17063	0.05564	0.17016	0.05368	0.04602	0.05395	0.16644	0.18787	0.05620
CSTxx002    	0.16417	0.16391	0.16371	0.16621	0.09162	0.16627	0.16484	0.03453	0.16389	0.16427	0.16541	0.16552	0.16267	0.11168	0.16228	0.16261	0.16398	0.16267	0.17369	0.09182	0.16318	0.16359	0.09501	0.16417	0.02516	0.16473	0.04324	0.16820	0.09475	0.16386	0.16416	0.04576	0.16771	0.00000	0.18963	0.16459	0.16442	0.16382	0.09425	0.09584	0.16309	0.11027	0.16454	0.09306	0.16273	0.16325	0.16415	0.03258	0.16618	0.16712
WAxx001     	0.20718	0.20660	0.20716	0.20674	0.18848	0.20600	0.20845	0.18773	0.20640	0.20672	0.11512	0.20782	0.20557	0.19279	0.20557	0.20511	0.20732	0.20533	0.19554	0.18824	0.20581	0.20666	0.19294	0.20674	0.18559	0.20765	0.17852	0.20951	0.19681	0.20679	0.20718	0.18070	0.21194	0.18963	0.00000	0.20510	0.20648	0.20697	0.18989	0.19192	0.20536	0.19174	0.20791	0.19081	0.20586	0.20634	0.20640	0.18775	0.11543	0.20753
CWxx004     	0.03819	0.03792	0.01897	0.07939	0.16498	0.08125	0.03871	0.16108	0.03789	0.03844	0.18198	0.03105	0.03788	0.17054	0.03748	0.03690	0.03667	0.03785	0.19905	0.16487	0.03562	0.03805	0.16971	0.01699	0.15723	0.03676	0.15620	0.08075	0.17151	0.03754	0.02021	0.15707	0.05310	0.16459	0.20510	0.00000	0.01790	0.03724	0.16558	0.17043	0.03731	0.16893	0.02011	0.16816	0.01629	0.03717	0.01806	0.16338	0.18432	0.01976
CWxx007     	0.03626	0.03544	0.01726	0.07903	0.16367	0.08112	0.03635	0.16114	0.03528	0.03570	0.18340	0.02954	0.03485	0.16928	0.03536	0.03461	0.03514	0.03459	0.19765	0.16484	0.03392	0.03590	0.16933	0.01545	0.15741	0.03538	0.15566	0.08090	0.17197	0.03519	0.01866	0.15662	0.05391	0.16442	0.20648	0.01790	0.00000	0.03501	0.16634	0.16919	0.03448	0.16752	0.01990	0.16665	0.01662	0.03543	0.01609	0.16354	0.18458	0.01870
CWxx045     	0.01582	0.01454	0.03758	0.07890	0.16367	0.07982	0.01693	0.16107	0.00145	0.01556	0.18335	0.03648	0.01487	0.16853	0.01444	0.01285	0.01435	0.01451	0.19757	0.16481	0.01366	0.01607	0.16891	0.03481	0.15680	0.01390	0.15461	0.07971	0.17163	0.00107	0.03659	0.15560	0.04702	0.16382	0.20697	0.03724	0.03501	0.00000	0.16595	0.16901	0.01492	0.16708	0.03767	0.16641	0.03567	0.01575	0.03620	0.16242	0.18369	0.03794
PMAxx002    	0.16580	0.16646	0.16597	0.16896	0.05486	0.16778	0.16716	0.09101	0.16509	0.16599	0.16633	0.16802	0.16523	0.11446	0.16465	0.16474	0.16606	0.16483	0.17289	0.02725	0.16547	0.16502	0.02732	0.16569	0.09146	0.16639	0.08609	0.17148	0.03667	0.16560	0.16667	0.08791	0.17005	0.09425	0.18989	0.16558	0.16634	0.16595	0.00000	0.04911	0.16522	0.11334	0.16725	0.02794	0.16476	0.16493	0.16595	0.09171	0.16692	0.16828
CXxx001     	0.16907	0.16924	0.16983	0.17024	0.05325	0.17008	0.17074	0.09308	0.16843	0.16913	0.16830	0.17034	0.16763	0.11593	0.16737	0.16748	0.16934	0.16707	0.17663	0.04605	0.16832	0.16831	0.04836	0.16930	0.09347	0.16977	0.08703	0.17428	0.05643	0.16890	0.16959	0.08880	0.17222	0.09584	0.19192	0.17043	0.16919	0.16901	0.04911	0.00000	0.16794	0.11442	0.17012	0.04788	0.16784	0.16812	0.16892	0.09419	0.16915	0.17178
CWxx041     	0.01546	0.01438	0.03704	0.07812	0.16358	0.07865	0.01719	0.16059	0.01504	0.01445	0.18275	0.03598	0.01414	0.16785	0.01423	0.01426	0.01540	0.01422	0.19673	0.16401	0.01380	0.01629	0.16792	0.03411	0.15637	0.01419	0.15378	0.07893	0.17084	0.01484	0.03638	0.15502	0.04671	0.16309	0.20536	0.03731	0.03448	0.01492	0.16522	0.16794	0.00000	0.16657	0.03671	0.16565	0.03425	0.01456	0.03385	0.16181	0.18338	0.03595
CMAxx001    	0.16752	0.16819	0.16733	0.16835	0.11054	0.16804	0.16872	0.10872	0.16681	0.16745	0.16866	0.16855	0.16622	0.01372	0.16673	0.16596	0.16750	0.16654	0.17497	0.11129	0.16688	0.16686	0.11519	0.16754	0.10620	0.16796	0.10207	0.17139	0.11780	0.16704	0.16843	0.10338	0.17063	0.11027	0.19174	0.16893	0.16752	0.16708	0.11334	0.11442	0.16657	0.00000	0.16884	0.11286	0.16612	0.16668	0.16800	0.10920	0.17078	0.16986
CWxx010     	0.03842	0.03733	0.02038	0.08056	0.16475	0.08273	0.03860	0.16186	0.03793	0.03824	0.18465	0.03178	0.03697	0.17036	0.03717	0.03680	0.03691	0.03726	0.19842	0.16604	0.03620	0.03815	0.17045	0.01886	0.15814	0.03731	0.15573	0.08235	0.17296	0.03784	0.00813	0.15715	0.05564	0.16454	0.20791	0.02011	0.01990	0.03767	0.16725	0.17012	0.03671	0.16884	0.00000	0.16791	0.01978	0.03691	0.02095	0.16365	0.18594	0.02216
PCOxx002    	0.16654	0.16694	0.16662	0.16965	0.05445	0.16833	0.16760	0.09088	0.16581	0.16648	0.16853	0.16819	0.16527	0.11447	0.16482	0.16512	0.16637	0.16557	0.17481	0.01976	0.16570	0.16604	0.02645	0.16643	0.09145	0.16691	0.08510	0.17181	0.03805	0.16619	0.16748	0.08650	0.17016	0.09306	0.19081	0.16816	0.16665	0.16641	0.02794	0.04788	0.16565	0.11286	0.16791	0.00000	0.16528	0.16543	0.16628	0.09163	0.16905	0.16962
CWxx002     	0.03541	0.03553	0.02017	0.07892	0.16297	0.08076	0.03634	0.15947	0.03599	0.03583	0.18170	0.02939	0.03446	0.16805	0.03444	0.03576	0.03511	0.03494	0.19672	0.16352	0.03441	0.03579	0.16800	0.01602	0.15580	0.03626	0.15333	0.08040	0.17030	0.03602	0.01991	0.15490	0.05368	0.16273	0.20586	0.01629	0.01662	0.03567	0.16476	0.16784	0.03425	0.16612	0.01978	0.16528	0.00000	0.03487	0.01648	0.16207	0.18323	0.01806
CWxx039     	0.01511	0.01496	0.03710	0.07877	0.16319	0.07996	0.01638	0.16066	0.01573	0.01648	0.18311	0.03722	0.01557	0.16802	0.01584	0.01622	0.01554	0.01503	0.19714	0.16414	0.01499	0.01704	0.16820	0.03517	0.15659	0.01463	0.15370	0.07976	0.17124	0.01554	0.03611	0.15529	0.04602	0.16325	0.20634	0.03717	0.03543	0.01575	0.16493	0.16812	0.01456	0.16668	0.03691	0.16543	0.03487	0.00000	0.03492	0.16174	0.18343	0.03726
CWxx009     	0.03582	0.03452	0.01632	0.07890	0.16345	0.07983	0.03610	0.16190	0.03639	0.03512	0.18373	0.03041	0.03444	0.16950	0.03443	0.03505	0.03517	0.03450	0.19834	0.16434	0.03430	0.03584	0.16872	0.01646	0.15797	0.03526	0.15502	0.08032	0.17127	0.03622	0.02047	0.15645	0.05395	0.16415	0.20640	0.01806	0.01609	0.03620	0.16595	0.16892	0.03385	0.16800	0.02095	0.16628	0.01648	0.03492	0.00000	0.16364	0.18477	0.01710
PCOxx005    	0.16289	0.16290	0.16262	0.16595	0.08977	0.16609	0.16376	0.02251	0.16185	0.16289	0.16406	0.16438	0.16156	0.11017	0.16143	0.16103	0.16239	0.16182	0.17177	0.09006	0.16197	0.16154	0.09295	0.16326	0.03245	0.16299	0.04351	0.16863	0.09337	0.16215	0.16326	0.04607	0.16644	0.03258	0.18775	0.16338	0.16354	0.16242	0.09171	0.09419	0.16181	0.10920	0.16365	0.09163	0.16207	0.16174	0.16364	0.00000	0.16465	0.16541
WHxx002     	0.18389	0.18466	0.18598	0.18622	0.16514	0.18687	0.18521	0.16389	0.18325	0.18465	0.02001	0.18512	0.18314	0.17108	0.18255	0.18233	0.18384	0.18299	0.17082	0.16613	0.18355	0.18304	0.16894	0.18460	0.16430	0.18443	0.15673	0.18731	0.17300	0.18362	0.18553	0.15954	0.18787	0.16618	0.11543	0.18432	0.18458	0.18369	0.16692	0.16915	0.18338	0.17078	0.18594	0.16905	0.18323	0.18343	0.18477	0.16465	0.00000	0.18847
CWxx001     	0.03752	0.03790	0.01964	0.08088	0.16623	0.08161	0.03854	0.16343	0.03791	0.03672	0.18796	0.03168	0.03628	0.17192	0.03646	0.03738	0.03706	0.03655	0.19859	0.16668	0.03569	0.03786	0.17117	0.01730	0.15907	0.03718	0.15667	0.08335	0.17312	0.03803	0.02151	0.15793	0.05620	0.16712	0.20753	0.01976	0.01870	0.03794	0.16828	0.17178	0.03595	0.16986	0.02216	0.16962	0.01806	0.03726	0.01710	0.16541	0.18847	0.00000
